% Model:              turbulent.mph         
% Version:            COMSOL 6.1.0.282      
% Date:               May 11 2025, 03:41    
% Dimension:          2                     
% Nodes:              1274                  
% Elements:           1274                  
% Expressions:        0                     
% Description:                              
% Length unit:        m                     
% Coordinates
180                      180                      
180                      178.2                    
156.5884259308922        180                      
180                      -180                     
156.5884259308922        -180                     
180                      -178.2                   
180.0000000000001        176.4                    
136.1153492079425        180                      
136.1153492079425        -180                     
180                      -176.4                   
179.9999999999999        174.6                    
118.2119451366689        180                      
118.2119451366689        -180                     
180                      -174.6                   
180                      172.8                    
102.5556819537157        180                      
102.5556819537157        -180                     
180                      -172.8                   
180                      171                      
88.86451038220457        180                      
88.86451038220457        -180                     
180                      -171                     
180                      169.2                    
76.89178248346501        180                      
76.89178248346499        -180                     
180                      -169.2                   
180                      167.4                    
66.42180826770573        180                      
66.42180826770573        -180                     
180                      -167.4                   
180.0000000000001        165.6000000000001        
57.26597001548886        180                      
57.26597001548885        -179.9999999999999       
180                      -165.6                   
180                      163.8                    
49.25932430908604        180                      
49.25932430908599        -180                     
180                      -163.8                   
180                      162                      
42.25763055894389        180                      
42.25763055894389        -180                     
180                      -162                     
180                      160.2                    
36.1347524938416         180                      
36.1347524938416         -180                     
180                      -160.2                   
180                      158.4                    
30.78038580230361        180                      
30.78038580230361        -180                     
180                      -158.4                   
180                      156.6                    
26.09807098848205        180                      
26.09807098848205        -180                     
180                      -156.6                   
180                      154.8                    
22.0034556438921         180                      
22.00345564389209        -180                     
180                      -154.8                   
180                      153                      
18.42277482963739        180                      
18.42277482963738        -180                     
180                      -153                     
180                      151.2                    
15.29152219304674        180                      
15.29152219304674        -180                     
180                      -151.2                   
12.55328787874452        180                      
180                      149.4                    
12.55328787874453        -180                     
180                      -149.4                   
10.15874229899659        180                      
180                      147.6                    
10.1587422989966         -180                     
180                      -147.6                   
8.064747455844737        180                      
180                      145.8                    
8.064747455844753        -180                     
180.0000000000001        -145.8                   
6.233579805401368        180                      
180                      144                      
6.233579805401348        -180                     
180                      -144                     
4.632250664120799        180                      
180                      142.2                    
4.632250664120789        -180                     
180                      -142.2                   
3.231911914092371        180                      
180                      140.4                    
3.231911914092394        -180                     
180                      -140.4                   
2.007336301071911        180                      
180                      138.6                    
2.007336301071917        -180                     
180                      -138.6                   
0.9364629627643118       179.9999999999999        
180                      136.8                    
0.9364629627643255       -180                     
180                      -136.8                   
5.51091059616309E-15     180                      
180                      135                      
5.51091059616309E-15     -180                     
180                      -135                     
-1.104458153202217       179.9966060865744        
180                      133.2                    
-1.104455748990971       -179.9965876467644       
180                      -133.2                   
-2.208874201138709       179.9864263594413        
-2.208864857058954       -179.9863546976354       
180                      131.4                    
180                      -131.4                   
-3.313206689385508       179.9694638383168        
-3.313186278927831       -179.9693073184796       
180                      129.6                    
180                      -129.6                   
-4.417414163518662       179.9457215429167        
-4.417378969321492       -179.945451675164        
180                      127.8                    
180                      -127.8                   
-5.521455169114208       179.9152024929568        
-5.521401882963832       -179.9147939335551       
180                      126                      
180                      -126                     
-6.625288251748196       179.8779097081529        
-6.62521397457874        -179.8773402595197       
180                      124.2                    
179.9999999999999        -124.2                   
-7.728871956996663       179.8338462082209        
-7.728774198890108       -179.8330968189245       
180                      122.4                    
180.0000000000001        -122.4                   
-8.832164830435659       179.7830150128767        
-8.832041510621833       -179.7820697776362       
180                      120.6                    
180                      -120.6                   
-9.935125417641226       179.7254191418362        
-9.934974864497802       -179.7242653015217       
180                      118.8                    
180                      -118.8                   
-11.0377122641894        179.6610616148152        
-11.03753321524191       -179.6596895564475       
180                      117                      
180                      -117                     
-12.13988391565624       179.5899454515296        
-12.13967551757804       -179.5883487082803       
180                      115.2                    
180                      -115.2                   
-13.24159891761778       179.5120736716951        
-13.2413607262301        -179.5102489228871       
180                      113.4                    
180                      -113.4                   
-14.34281581565007       179.4274492950278        
-14.34254779592196       -179.4253963661345       
180                      111.6                    
180                      -111.6                   
-15.44349315532914       179.3360753412434        
-15.44319568137754       -179.333797203889        
180                      109.8                    
180                      -109.8                   
-16.54358948223105       179.2379548300577        
-16.54326333732071       -179.2354576020177       
180                      108                      
180                      -108                     
-17.64306334193183       179.1330907811868        
-17.64270971847537       -179.130383726387        
180                      106.2                    
180                      -106.2                   
-18.74187328000754       179.0214862143464        
-18.74149377956541       -179.0185817428638       
180                      104.4                    
180                      -104.4                   
-19.83997784203421       178.9031441492523        
-19.83957447531473       -178.9000578173148       
180                      102.6                    
180                      -102.6                   
-20.93733557358789       178.7780676056205        
-20.9369107604472        -178.7748181156066       
180                      100.8                    
180                      -100.8                   
-22.03390502024462       178.6462596031668        
-22.03346158968675       -178.6428688036062       
180                      99.00000000000001        
180                      -99.00000000000001       
-23.12964472758044       178.5077231616069        
-23.12918591775724       -178.5042160471802       
180                      97.19999999999999        
180                      -97.19999999999999       
-24.22451324117141       178.3624613006569        
-24.22404269938257       -178.3588660121951       
180                      95.39999999999999        
180                      -95.40000000000002       
-25.31846910659357       178.2104770400327        
-25.31799088928663       -178.206824864518        
180.0000000000001        93.59999999999999        
180                      -93.60000000000002       
-26.41147080362483       178.0517733813203        
-26.41098944219331       -178.0480987700153       
179.9999999999999        91.79999999999998        
180                      -91.8                    
-27.50347608474019       177.8863547757974        
-27.50299731282652       -177.8826938945539       
180                      90                       
180                      -90                      
-28.59444396719812       177.7142297646356        
-28.59397345591012       -177.7106164040004       
180                      88.2                     
179.9999999999999        -88.19999999999999       
-29.68433390698284       177.5354074918605        
-29.68387682616805       -177.5318724642217       
180                      86.39999999999999        
180.0000000000001        -86.40000000000003       
-30.77310536007853       177.3498971014974        
-30.77266637832415       -177.3464682410845       
180                      84.59999999999998        
180                      -84.60000000000002       
-31.8607177824694        177.1577077375718        
-31.86030106710234       -177.1544099004553       
180                      82.79999999999998        
180                      -82.79999999999998       
-32.94713063013966       176.9588485441091        
-32.94673984722651       -176.9557036082011       
180                      81                       
180                      -81                      
-34.03230335907351       176.7533286651347        
-34.03194167342056       -176.7503555301885       
180                      79.2                     
180                      -79.20000000000002       
-35.11619542525516       176.5411572446741        
-35.11586550040835       -176.5383718322841       
180                      77.39999999999999        
180                      -77.40000000000001       
-36.19876628466879       176.3223434267527        
-36.1984702829138        -176.3197586803549       
180                      75.59999999999998        
180                      -75.60000000000001       
-37.27997539329863       176.0968963553958        
-37.2797149756608        -176.0945222402675       
180                      73.79999999999998        
180                      -73.79999999999998       
-38.35978220712887       175.8648251746291        
-38.35955853337325       -175.8626686778885       
180                      71.99999999999999        
180                      -72                      
-39.4381461821437        175.6261390284777        
-39.43795991077501       -175.6242041590847       
180                      70.19999999999999        
180                      -70.2                    
-40.51502677432736       175.3808470609673        
-40.51487806258999       -175.379134849723        
180                      68.39999999999998        
180                      -68.40000000000001       
-41.59038343966402       175.1289584161232        
-41.59027194354209       -175.1274669156699       
180                      66.59999999999999        
180                      -66.60000000000001       
-42.66417563413791       174.8704822379708        
-42.6641005083552        -174.8692065227922       
180                      64.8                     
180                      -64.8                    
-43.73636281373319       174.6054276705356        
-43.7363227117532        -174.6043598369566       
180                      62.99999999999999        
180                      -63                      
-44.80690443443411       174.333803857843         
-44.80689750845999       -174.33293302403         
180                      61.2                     
180                      -61.2                    
-45.87575995222485       174.0556199439184        
-45.87578385319947       -174.0549322498788       
180                      59.39999999999999        
180                      -59.40000000000001       
-46.94288882308962       173.7708850727873        
-46.9429407006955        -173.77036368037         
180.0000000000001        57.6                     
180                      -57.6                    
-48.00825050301263       173.479608388475         
-48.00832700567202       -173.4792334813702       
179.9999999999999        55.79999999999998        
180                      -55.8                    
-49.07180444797805       173.181799035007         
-49.07190172285288       -173.1815478187461       
180                      54                       
180                      -54                      
-50.13351011397012       172.8774661564088        
-50.13362380696199       -172.8773128583646       
180                      52.2                     
180                      -52.2                    
-51.19332695697303       172.5666188967057        
-51.19345221272325       -172.5665347660922       
180                      50.4                     
180                      -50.4                    
-52.25121443297098       172.2492663999232        
-52.25134589486054       -172.2492197077958       
180                      48.59999999999999        
180                      -48.59999999999999       
-53.30713187170235       171.9254178327051        
-53.30726417705198       -171.9253768093907       
180                      46.79999999999998        
180                      -46.80000000000001       
-54.36103817876          171.5950845648763        
-54.36117022940498       -171.5950427291869       
180                      45                       
180                      -45                      
-55.41289431971081       171.2582815991801        
-55.41302611080594       -171.2582389530377       
180                      43.19999999999999        
180                      -43.2                    
-56.46266166184796       170.9150242591162        
-56.46279318854801       -170.9149808044425       
180                      41.4                     
180                      -41.4                    
-57.51030157246461       170.5653278681842        
-57.51043282992435       -170.5652836069013       
180                      39.59999999999999        
180                      -39.59999999999999       
-58.55577541885393       170.2092077498839        
-58.55590640222817       -170.2091626839134       
180                      37.79999999999998        
180                      -37.8                    
-59.59904456830911       169.8466792277149        
-59.59917527275258       -169.8466333589787       
180                      35.99999999999999        
180                      -36                      
-60.64007038812331       169.477757625177         
-60.64020080879079       -169.4777109555969       
180.0000000000001        34.19999999999999        
180                      -34.2                    
-61.67881424558966       169.1024582657697        
-61.67894437763597       -169.1024107972675       
180                      32.39999999999999        
180                      -32.4                    
-62.71523750800139       168.7207964729927        
-62.71536734658128       -168.7207482074904       
180                      30.59999999999999        
180                      -30.59999999999999       
-63.74930154265162       168.3327875703458        
-63.74943108291988       -168.3327385097651       
180                      28.79999999999999        
180                      -28.8                    
-64.78096771683356       167.9384468813286        
-64.78109695394495       -167.9383970275914       
180                      26.99999999999999        
180                      -27                      
-65.81019739784034       167.5377897294407        
-65.81032632694964       -167.5377390844688       
180                      25.19999999999999        
180                      -25.2                    
-66.83695195296514       167.1308314381819        
-66.83708056922717       -167.1307800038972       
180                      23.4                     
180                      -23.4                    
-67.86119274950114       166.7175873310518        
-67.86132104807064       -166.7175351093761       
180                      21.59999999999999        
180                      -21.6                    
-68.88288115474151       166.2980727315502        
-68.88300913077327       -166.2980197244053       
180                      19.79999999999998        
180                      -19.8                    
-69.90197853597945       165.8723029631766        
-69.9021061846282        -165.8722491724844       
180                      18                       
180                      -18                      
-70.91844626050805       165.4402933494308        
-70.91857357692862       -165.4402387771131       
180                      16.19999999999999        
180                      -16.2                    
-71.93224569562052       165.0020592138123        
-71.93237267496767       -165.002003861791        
180                      14.40000000000001        
180.0000000000001        -14.4                    
-72.94333820861006       164.5576158798211        
-72.94346484603855       -164.5575597500179       
180                      12.59999999999999        
180                      -12.6                    
-73.95168516676978       164.1069786709566        
-73.95181145743443       -164.1069217652935       
180                      10.79999999999998        
180                      -10.8                    
-74.95724793739289       163.6501629107186        
-74.95737387644844       -163.6501052311172       
180                      8.999999999999998        
180                      -9                       
-75.9599878877725        163.1871839226066        
-75.96011347037378       -163.187125470989        
180                      7.19999999999999         
180                      -7.200000000000001       
-76.95986638520189       162.7180570301205        
-76.95999160650364       -162.7179978084085       
180                      5.400000000000007        
179.9999999999999        -5.399999999999999       
-77.95684479697411       162.2427975567599        
-77.95696965213114       -162.2427375668752       
180                      3.599999999999995        
180.0000000000001        -3.6                     
-78.95088449038242       161.7614208260245        
-78.95100897454947       -161.761360069889        
180                      1.799999999999985        
180                      -1.8                     
-79.94194664237013       161.2739423120919        
-79.9420707506266        -161.2738807917341       
180                      0                        
-80.9299926963984        160.7803804814982        
-80.93011642411066       -160.7803181995094       
-81.91498669774751       160.280756548191         
-81.91511004044108       -160.2806935072445       
-82.89689296948902       159.7750918277383        
-82.89701592268933       -159.7750280305074       
-83.87567583469445       159.2634076357078        
-83.87579839392703       -159.2633430848661       
-84.85129961643534       158.7457252876675        
-84.85142177722565       -158.7456599858882       
-85.82372863778322       158.2220660991855        
-85.82385039565679       -158.2220000491419       
-86.79292722180962       157.6924513858294        
-86.79304857229191       -157.692384590195        
-87.7588596915861        157.1569024631673        
-87.75898063020257       -157.1568349246153       
-88.72149037018416       156.615440646767         
-88.72161089246032       -156.6153723679708       
-89.68078358067537       156.0680872521964        
-89.68090368213669       -156.0680182358294       
-90.63670364613122       155.5148635950235        
-90.6368233223032        -155.514793843759        
-91.58921488962329       154.9557909908161        
-91.58933413603141       -154.9557205073274       
-92.5382816342231        154.3908907551422        
-92.53840044639281       -154.3908195421027       
-93.48386820300217       153.8201842035696        
-93.48398657645899       -153.8201122636526       
-94.42593891903206       153.2436926516663        
-94.42605684930146       -153.2436199875452       
-95.3644581053843        152.6614374150001        
-95.36457558799177       -152.6613640293482       
-96.2993900851304        152.073439809139         
-96.29950711560141       -152.0733657046297       
-97.23069918134189       151.4797211496508        
-97.23081575520197       -151.4796463289574       
-98.15834971709036       150.8803027521034        
-98.15846582986495       -150.8802272178993       
-99.08230601544727       150.2752059320648        
-99.08242166266191       -150.2751296870234       
-100.0025323994842       149.6644520051029        
-100.0026475766644       -149.6643750518975       
-100.9189931922727       149.0480622867856        
-100.9191078949438       -149.0479846280894       
-101.8316527168843       148.4260580926806        
-101.8317669405719       -148.4259797311672       
-102.7404752963905       147.7984607383561        
-102.7405890366201       -147.7983816766987       
-103.6454252538629       147.1652915393799        
-103.6455385061598       -147.1652117802518       
-104.5464669123729       146.5265718113198        
0                        0                        
-0.0001521865236965964   2.149367456013734E-05    
-104.5465796722628       -146.5264913573944       
-0.0001521864467660214   -2.149366364692321E-05   
-105.4435643648138       145.8823239732681        
-0.0003111654769340366   4.404485455156552E-05    
-105.4436766278341       -145.8822428276157       
-0.0003111653247415328   -4.404483296424001E-05   
-106.3366841346509       145.2325742069823        
-0.0004772400367999561   6.759987882012303E-05    
-106.3367958968104       -145.2324923729758       
-0.0004772398104616116   -6.759984671950096E-05   
-107.2257945062465       144.577349373705         
-0.0006507269139685788   9.220331073206517E-05    
-107.225905763568        -144.5772668547132       
-0.0006507266150501838   -9.220326834284271E-05   
-108.1108637671728       143.9166763335554        
-0.0008319569569569822   0.0001179016808436341    
-108.110974515679        -143.9165931329471       
-0.0008319565875286295   -0.0001179016284621032   
-108.9918602050019       143.2505819466527        
-0.001021275783372062    0.0001447435727282084    
-108.9919704407154       -143.2504980677966       
-0.001021275346070629    -0.0001447435107310798   
-109.8687521073059       142.5790930731162        
-0.001219044439354833    0.0001727797124555805    
-109.8688618262493       -142.579008519381        
-0.00121904393744906     -0.0001727796413091652   
-110.7415077616567       141.9022365730651        
-0.001425640088482736    0.0002020630618702667    
-110.7416169598529       -141.9021513478195       
-0.001425639525947129    -0.000202062982140895    
-111.6100954556266       141.2200393066186        
-0.001641456731447075    0.0002326489158208639    
-111.6102041290983       -141.2199534132314       
-0.001641456113043279    -0.0002326488281863508   
-112.4744834767877       140.5325281338959        
-0.001866905957881718    0.0002645950034976853    
-112.4745916215575       -140.5324415757358       
-0.001866905289246384    -0.0002645949087596985   
-113.334640112712        139.8397299150162        
-0.002102417731780839    0.0002979615940412104    
-113.3347477248027       -139.8396426954521       
-0.002102417019521877    -0.000297961493138807    
-114.1905336509716       139.1416715100989        
-0.002348441212007888    0.0003328116065892784    
-114.1906407264058       -139.1415836324993       
-0.002348440466514435    -0.000332811500996794    
-115.0421323791386       138.4383797792631        
-0.002605445609465334    0.000369210724936425     
-115.0422389139391       -138.4382912469968       
-0.002605444837158565    -0.0003692106155656506   
-115.8894045847851       137.729881582628         
-0.002873921082565007    0.0004072275169842901    
-115.8895105749746       -137.7297923990637       
-0.002873920293667283    -0.0004072274052848596   
-116.7323185554833       137.0162037803128        
-0.003154379672712462    0.0004469335591676194    
-116.7324239970844       -137.0161139488194       
-0.003154378878906699    -0.0004469334467952087   
-117.5708425788052       136.2973732324369        
-0.003447356281595516    0.0004884035660459962    
-117.5709474678407       -136.2972827563829       
-0.003447355496178264    -0.0004884034548837522   
-118.4049449423229       135.5734167991193        
-0.003753409692147487    0.0005317155252570989    
-118.4050492748154       -135.5733256818736       
-0.003753408930192681    -0.0005317154174385316   
-119.2345939336084       134.8443613404793        
-0.004073123635139458    0.0005769508380329148    
-119.2346977055808       -134.8442695854106       
-0.004073122913681101    -0.000576950735967415    
-120.059757840234        134.1102337166362        
-0.004407107903443671    0.0006241944654859882    
-120.0598610477088       -134.1101413271132       
-0.0044071072416706      -0.0006241943718859891   
-120.8804049497717       133.3710607877092        
-0.004755999516101704    0.0006735350808783553    
-120.8805075887717       -133.3709677671006       
-0.004755998935573594    -0.0006735349987894305   
-121.6965035497935       132.6268694138175        
-0.005120463934426837    0.000725065228091347     
-121.6966056163414       -132.6267757654921       
-0.005120463459307656    -0.0007250651609246881   
-122.5080219278717       131.8776864550803        
-0.005501196332470205    0.0007788814865198663    
-122.5081234179901       -131.8775921824068       
-0.005501195989782223    -0.000778881438087574    
-123.3149283715782       131.1235387716168        
-0.005898922924284776    0.000835084642620028     
-123.3150292812899       -131.123443877964        
-0.005898922744184681    -0.0008350846171734172   
-124.1171911684852       130.3644532235463        
-0.006314402350530617    0.0008937798683441794    
-124.1172914938129       -130.3643577122828       
-0.006314402366610174    -0.0008937798706154272   
-124.9147786061647       129.600456670988         
-0.006748427127079047    0.0009550769067022138    
-124.9148783431311       -129.6003605454826       
-0.006748427376692023    -0.0009550769419495734   
-125.7076589721889       128.8315759740611        
-0.00720182515839291     0.001019090264692778     
-125.7077581168167       -128.8314792376826       
-0.007201825683008319    -0.001019090338749343    
-126.4958005541299       128.0578379928849        
-0.007675461318584645    0.001085939413852264     
-126.4958991024418       -128.0577406490019       
-0.00767546216417159     -0.001085939533179012    
-127.2791716395598       127.2792695875785        
-0.008170239103184677    0.00115574899867353      
-127.2792695875785       -127.2791716395598       
-0.008170240320626698    -0.001155749170416305    
-128.0577406490019       126.4958991024419        
-0.008687102354788671    0.001228649053149781     
-128.0578379928848       -126.4958005541299       
-0.008687104000335429    -0.001228649285201309    
-128.8314792376825       125.7077581168168        
-0.009227037065894866    0.00130477522570216      
-128.8315759740611       -125.707658972189        
-0.009227039201648949    -0.001304775526768729    
-129.6003605454826       124.9148783431312        
-0.009791073262391642    0.001384269012752062     
-129.600456670988        -124.9147786061648       
-0.009791075956834138    -0.001384269392425359    
-130.3643577122828       124.1172914938129        
-0.01038028697131116     0.001467278001201061     
-130.3644532235463       -124.1171911684852       
-0.01038029029987072     -0.001467278470035768    
-131.1234438779639       123.3150292812899        
-0.01099580227662769     0.001553956120082424     
-131.1235387716168       -123.3149283715782       
-0.01099580632229234     -0.001553956689679431    
-131.8775921824067       122.5081234179901        
-0.0116387934670492      0.001644463901648453     
-131.8776864550802       -122.5080219278717       
-0.0116387983210267      -0.001644464584744439    
-132.6267757654921       121.6966056163414        
-0.01231048727992904     0.001738968752157291     
-132.6268694138174       -121.6965035497936       
-0.01231049304235736     -0.001738969562720826    
-133.3709677671006       120.8805075887717        
-0.01301216524560987     0.001837645232620986     
-133.3710607877092       -120.8804049497717       
-0.0130121720263184      -0.001837646185955184    
-134.1101413271132       120.0598610477088        
-0.01374516613670673     0.001940675349773815     
-134.1102337166362       -120.059757840234        
-0.0137451740560362      -0.001940676462626546    
-134.8442695854106       119.2346977055808        
-0.01451088852703924     0.00204824885751556      
-134.8443613404793       -119.2345939336085       
-0.01451089771671859     -0.002048250148196923    
-135.5733256818736       118.4050492748155        
-0.01531079346513503     0.00216056356907875      
-135.5734167991193       -118.4049449423229       
-0.01531080406921828     -0.002160565057586095    
-136.2972827563829       117.5709474678407        
-0.01614640726744874     0.002277825680161563     
-136.2973732324369       -117.5708425788052       
-0.01614641944331663     -0.002277827388312639    
-137.0161139488194       116.7324239970845        
-0.01701932443667296     0.002400250103258944     
-137.0162037803128       -116.7323185554833       
-0.0170193383561004      -0.002400252054833189    
-137.7297923990637       115.8895105749747        
-0.01793121071075984     0.002528060813413379     
-137.729881582628        -115.8894045847852       
-0.01793122656104817     -0.002528063034301062    
-138.4382912469968       115.0422389139391        
-0.01888380624852614     0.002661491205593486     
-138.4383797792631       -115.0421323791386       
-0.01888382423370696     -0.002661493723953503    
-139.1415836324993       114.1906407264058        
-0.01987892895797935     0.002800784463892869     
-139.1416715100989       -114.1905336509716       
-0.01987894930008554     -0.002800787310318399    
-139.8396426954521       113.3347477248027        
-0.02091847797377963     0.002946193942723388     
-139.8397299150162       -113.334640112712        
-0.02091850091418674     -0.002946197150415675    
-140.5324415757358       112.4745916215576        
-0.02200443729054226     0.003097983560155764     
-140.5325281338959       -112.4744834767877       
-0.02200446309137538     -0.003097987165105114    
-141.2199534132314       111.6102041290983        
-0.0231388795589883      0.003256428203536222     
-141.2200393066185       -111.6100954556266       
-0.02313890850459692     -0.003256432244710367    
-141.9021513478195       110.741616959853         
-0.02432397005226753     0.003421814147480059     
-141.9022365730651       -110.7415077616567       
-0.02432400245075913     -0.003421818667018331    
-142.579008519381        109.8688618262494        
-0.02556197081010903     0.003594439484311722     
-142.5790930731162       -109.8687521073059       
-0.02556200699493947     -0.003594444527724499    
-143.2504980677966       108.9919704407154        
-0.0268552449688009      0.003774614566985548     
-143.2505819466527       -108.991860205002        
-0.02685528530040982     -0.003774620183357056    
-143.9165931329471       108.110974515679         
-0.02820626128536216     0.003962662464481656     
-143.9166763335554       -108.1108637671729       
-0.02820630615284525     -0.003962668706674696    
-144.5772668547132       107.2259057635681        
-0.02961759886464833     0.004158919429627164     
-144.577349373705        -107.2257945062466       
-0.02961764868744918     -0.004158926354487013    
-145.2324923729758       106.3367958968105        
-0.03109195209852737     0.004363735379243579     
-145.2325742069823       -106.3366841346509       
-0.03109200732813079     -0.004363743047798249    
-145.8822428276157       105.4436766278342        
-0.03263213582667578     0.004577474386466629     
-145.8823239732681       -105.4435643648138       
-0.03263219694827887     -0.004577482864119817    
-146.5264913573944       104.5465796722629        
-0.03424109072897717     0.004800515185024454     
-146.5265718113197       -104.5464669123729       
-0.03424115826310836     -0.004800524541736738    
-147.1652117802518       103.6455385061599        
-0.03592188895995579     0.005033251685193686     
-147.1652915393798       -103.6454252538629       
-0.03592196346400333     -0.005033261995646279    
-147.7983816766987       102.7405890366201        
-0.03767774003615108     0.005276093501080298     
-147.7984607383561       -102.7404752963905       
-0.03767782210575893     -0.005276104844815203    
-148.4259797311672       101.8317669405719        
-0.03951199698783049     0.005529466488792352     
-148.4260580926806       -101.8316527168843       
-0.03951208725809964     -0.005529478950320118    
-149.0479846280894       100.9191078949439        
-0.04142816278695487     0.005793813294985408     
-149.0480622867855       -100.9189931922727       
-0.04142826193338904     -0.005793826963851777    
-149.6643750518974       100.0026475766644        
-0.04342989706384705     0.006069593915166921     
-149.6644520051029       -100.0025323994842       
-0.0434300058029569      -0.00606960888596642     
-150.2751296870234       99.08242166266194        
-0.04552102312557918     0.00635728626104457      
-150.2752059320648       -99.08230601544727       
-0.04552114221504844     -0.006357302633367685    
-150.8802272178993       98.15846582986498        
-0.04770553528967909     0.006657386736093223     
-150.8803027521033       -98.15834971709035       
-0.04770566552797095     -0.006657404614390592    
-151.4796463289574       97.23081575520202        
-0.0499876065473726      0.00697041081839776      
-151.4797211496507       -97.23069918134189       
-0.04998774877264068     -0.006970430311743072    
-152.0733657046297       96.29950711560146        
-0.05237159657121689     0.007296893649702318     
-152.0734398091389       -96.2993900851304        
-0.05237175165934418     -0.007296914871430383    
-152.6613640293482       95.36457558799179        
-0.05486206008265177     0.007637390629462378     
-152.661437415           -95.36445810538429       
-0.05486222894422235     -0.007637413696656583    
-153.2436199875452       94.4260568493015         
-0.0574637555956922      0.007992478012552956     
-153.2436926516662       -94.42593891903206       
-0.05746393917165146     -0.007992503045350338    
-153.8201122636526       93.48398657645905        
-0.06018165455371653     0.008362753509135866     
-153.8201842035696       -93.48386820300217       
-0.06018185380943919     -0.008362780629813476    
-154.3908195421027       92.53840044639286        
-0.06302095087706452     0.008748836885030309     
-154.3908907551422       -92.53828163422311       
-0.0630211667944905      -0.008748866216829599    
-154.9557205073274       91.58933413603143        
-0.06598707093995418     0.009151370560766202     
-154.9557909908161       -91.58921488962331       
-0.06598730450739543     -0.009151402226405321    
-155.514793843759        90.63682332230321        
-0.06908568399605319     0.009571020207328211     
-155.5148635950235       -90.63670364613125       
-0.06908593619520002     -0.009571054327143396    
-156.0680182358294       89.6809036821367         
-0.07232271307290603     0.01000847533642276      
-156.0680872521964       -89.68078358067537       
-0.07232298486247866     -0.01000851202607052     
-156.6153723679708       88.72161089246033        
-0.07570434635631451     0.01046444988292086      
-156.615440646767        -88.72149037018418       
-0.07570463862835289     -0.01046448924741592     
-157.1568349246153       87.75898063020259        
-0.07923704908671006     0.01093968277694986      
-157.1569024631672       -87.75885969158611       
-0.07923736239248388     -0.01093972487381648     
-157.6923845901949       86.79304857229191        
-0.08292757599052926     0.01143493850292837      
-157.6924513858294       -86.79292722180965       
-0.08292791076059922     -0.01143498337204357     
-158.2220000491419       85.82385039565678        
-0.08678298427062162     0.01195100764266513      
-158.2220660991855       -85.82372863778326       
-0.08678334089672682     -0.01195105531728936     
-158.7456599858882       84.8514217772257         
-0.09081064718077395     0.01248870739947778      
-158.7457252876675       -84.85129961643536       
-0.09081102600684708     -0.01248875790503586     
-159.263343084866        83.87579839392706        
-0.09501826821053484     0.01304888210013687      
-159.2634076357078       -83.87567583469448       
-0.09501866952232338     -0.01304893545283348     
-159.7750280305074       82.89701592268936        
-0.09941389590766249     0.0136324036713096       
-159.7750918277382       -82.89689296948904       
-0.09941431992075152     -0.01363245987655773     
-160.2806935072445       81.91511004044111        
-0.1040059393667045      0.01424017208707442      
-160.280756548191        -81.91498669774754       
-0.1040063862126934      -0.01424023113771108     
-160.7803181995094       80.93011642411069        
-0.1088031844134439      0.0148731157840103       
-160.7803804814982       -80.9299926963984        
-0.108803654124008       -0.01487317765827214     
-161.2738807917341       79.94207075062663        
-0.1138148105175121      0.01553219202864273      
-161.2739423120919       -79.94194664237014       
-0.1138153030062578      -0.01553225668788624     
-161.761360069889        78.9510089745495         
-0.1190504086390099      0.01621838587166122      
-161.7614208260244       -78.95088449038242       
-0.1190509236853956      -0.01621845325813115     
-162.2427375668752       77.95696965213115        
-0.1245199999326353      0.016932708626669        
-162.2427975567599       -77.95684479697415       
-0.1245205371559738      -0.01693277866041434     
-162.7179978084085       76.95999160650365        
-0.1302340548190571      0.01767619975267074      
-162.7180570301205       -76.95986638520189       
-0.1302346136488365      -0.01767627232806927     
-163.187125470989        75.96011347037381        
-0.1362035131334525      0.01844992706133056      
-163.1871839226066       -75.95998788777251       
-0.1362040927771023      -0.01845000204329003     
-163.6501052311172       74.95737387644847        
-0.1424398052168031      0.01925498657153627      
-163.6501629107185       -74.95724793739288       
-0.1424404046224735      -0.01925506379117905     
-164.1069217652934       73.95181145743445        
-0.1489548739540923      0.02009250226202592      
-164.1069786709566       -73.95168516676978       
-0.1489554917676575      -0.02009258151178522     
-164.5575597500179       72.94346484603858        
-0.15576119780115        0.02096362571354261      
-164.557615879821        -72.94333820861006       
-0.155761832316536       -0.02096370674159048     
-165.002003861791        71.93237267496771        
-0.1628718148435659      0.02186953563191246      
-165.0020592138123       -71.93224569562055       
-0.1628724639453367      -0.021869618135826       
-165.4402387771131       70.91857357692865        
-0.1703003479328031      0.02281143724349011      
-165.4402933494308       -70.91844626050809       
-0.1703010090297874      -0.02281152086305207     
-165.8722491724844       69.90210618462822        
-0.1780610309463854      0.02379056155461692      
-165.8723029631765       -69.90197853597945       
-0.1780617008949152      -0.02379064586363052     
-166.2980197244053       68.8830091307733         
-0.1861687362208019      0.02480816446712588      
-166.2980727315501       -68.88288115474155       
-0.186169411235918       -0.02480824896410922     
-166.7175351093761       67.86132104807068        
-0.1946390032075637      0.02586552574254625      
-166.7175873310518       -67.86119274950119       
-0.1946396787602638      -0.02586560984015172     
-167.1307800038972       66.8370805692272         
-0.2034880684046453      0.02696394780856003      
-167.1308314381818       -66.83695195296518       
-0.2034887391029596      -0.02696403082154546     
-167.5377390844688       65.81032632694968        
-0.2127328966173485      0.02810475440250176      
-167.5377897294406       -65.81019739784038       
-0.2127335560686545      -0.02810483553405481     
-167.9383970275913       64.78109695394498        
-0.2223912136044121      0.02928928904833971      
-167.9384468813285       -64.7809677168336        
-0.2223918542560117      -0.02928936737453427     
-168.3327385097651       63.74943108291991        
-0.2324815404476092      0.03051891097278121      
-168.3327875703457       -63.74930154265166       
-0.2324821534118773      -0.03051898542550436     
-168.7207482074904       62.71536734658134        
-0.2430232317218448      0.0317949717615965       
-168.7207964729927       -62.71523750800143       
-0.2430238065758332      -0.03179504110920976     
-169.1024107972675       61.67894437763601        
-0.2540365121785814      0.03311881677279732      
-169.1024582657696       -61.67881424558971       
-0.2540370366871688      -0.0331188795954911      
-169.4777109555969       60.64020080879084        
-0.2655425144508688      0.03449179098633517      
-169.4777576251769       -60.64007038812333       
-0.2655429768605188      -0.03449184595758075     
-169.8466333589787       59.5991752727526         
-0.2775633197153516      0.03591523444938748      
-169.8466792277149       -59.59904456830915       
-0.2775637114758183      -0.03591528065787655     
-170.2091626839134       58.5559064022282         
-0.2901220001483346      0.03739047711183094      
-170.2092077498839       -58.55577541885397       
-0.2901223148954328      -0.03739051393284323     
-170.5652836069012       57.5104328299244         
-0.3032426632308889      0.03891883312067411      
-170.5653278681842       -57.51030157246464       
-0.3032428979322757      -0.03891886034236426     
-170.9149808044425       56.46279318854805        
-0.316950497972562       0.040501594541219        
-170.9150242591161       -56.46266166184799       
-0.316950654407088       -0.04050161252255512     
-171.2582389530377       55.41302611080599        
-0.3312718231238374      0.04214002447348333      
-171.2582815991801       -55.41289431971084       
-0.3312719097668468      -0.04214003433920203     
-171.5950427291869       54.36117022940503        
-0.3462341378786891      0.04383534570785617      
-171.5950845648763       -54.36103817876004       
-0.346234172284926       -0.04383534958703734     
-171.9253768093907       53.30726417705204        
-0.3618661818965342      0.04558866863961167      
-171.9254178327051       -53.3071318717024        
-0.3618661931845784      -0.04558866989910755     
-172.2492197077958       52.25134589486059        
-0.3781980367648314      0.04740097740745922      
-172.2492663999232       -52.25121443297102       
-0.3781980226999792      -0.04740097585529436     
-172.5665347660922       51.19345221272329        
-0.395261126578056       0.04927315066265388      
-172.5666188967057       -51.19332695697307       
-0.3952610633646073      -0.04927314376709529     
-172.8773128583646       50.13362380696204        
-0.4130882606619244      0.05120594316933105      
-172.8774661564088       -50.13351011397015       
-0.4130881306431202      -0.05120592915933889     
-173.1815478187461       49.07190172285292        
-0.431713724538779       0.05319996900463125      
-173.181799035007        -49.07180444797807       
-0.4317135163850276      -0.05319994686439092     
-173.4792334813702       48.00832700567205        
-0.4511733466380018      0.05525567950196406      
-173.479608388475        -48.00825050301266       
-0.4511730597223244      -0.05525564940022774     
-173.77036368037         46.94294070069554        
-0.471504574574923       0.05737327500052884      
-173.7708850727873       -46.94288882308966       
-0.4715042208375811      -0.05737323842682392     
-174.0549322498788       45.8757838531995         
-0.49274656628           0.05955249526374478      
-174.0556199439184       -45.87575995222489       
-0.492746161737975       -0.05955245408724977     
-174.3329330240299       44.80689750846003        
-0.5149402534262446      0.06179269996246047      
-174.333803857843        -44.80690443443415       
-0.5149398183278201      -0.06179265641378067     
-174.6043598369566       43.73632271175324        
-0.5381284180401698      0.06409285607257853      
-174.6054276705356       -43.73636281373322       
-0.5381279771314799      -0.06409281273210708     
-174.8692065227922       42.66410050835523        
-0.5623557771257673      0.06645147943653172      
-174.8704822379708       -42.66417563413794       
-0.562355359793561       -0.06645143920326049     
-175.1274669156699       41.59027194354213        
-0.5876690800991307      0.06886647388391476      
-175.1289584161232       -41.59038343966407       
-0.5876687204797986      -0.06886643993772519     
-175.379134849723        40.51487806259003        
-0.6141172326912494      0.071334712299108        
-175.3808470609673       -40.5150267743274        
-0.6141169692714645      -0.07133468800017441     
-175.6242041590847       39.43795991077505        
-0.6417513751544758      0.07385211120940663      
-175.6261390284777       -39.43814618214374       
-0.6417512392578405      -0.07385209898683574     
-175.8626686778885       38.35955853337329        
-0.6706249880817714      0.07641344420483999      
-175.864825174629        -38.3597822071289        
-0.6706249760484666      -0.07641344315234577     
-176.0945222402674       37.27971497566085        
-0.7007939998373937      0.07901215824924157      
-176.0968963553958       -37.27997539329867       
-0.7007940701005007      -0.07901216420721388     
-176.3197586803549       36.19847028291385        
-0.7323169290715886      0.08163975845237591      
-176.3223434267526       -36.19876628466883       
-0.7323170008635186      -0.08163976433189378     
-176.5383718322842       35.1158655004084         
-0.7652549096281729      0.08428562549976271      
-176.5411572446741       -35.11619542525519       
-0.7652548983307369      -0.0842856246102389      
-176.7503555301885       34.0319416734206         
-0.799671792472699       0.08693646976877645      
-176.7533286651347       -34.03230335907355       
-0.7996717073178792      -0.08693646335844346     
-176.9557036082011       32.94673984722656        
-0.8356343858957727      0.08957578797338837      
-176.9588485441091       -32.9471306301397        
-0.8356343142467668      -0.08957578285278274     
-177.1544099004553       31.86030106710238        
-0.8732126248643133      0.09218301171498759      
-177.1577077375718       -31.86071778246944       
-0.873212611469099       -0.09218301081415056     
-177.3464682410844       30.77266637832419        
-0.9124797352451515      0.0947325771330431       
-177.3498971014974       -30.77310536007857       
-0.9124797271265546      -0.09473257662517524     
-177.5318724642217       29.68387682616809        
-0.9517589159496571      0.09709210883392108      
-177.5354074918605       -29.68433390698288       
-0.9517587036586811      -0.09709209662120964     
-177.7106164040005       28.59397345591017        
-0.9893708533694774      0.09916001618034939      
-177.7142297646356       -28.59444396719816       
-0.9893705270521006      -0.09915999909072959     
-177.8826938945539       27.50299731282655        
-1.025385514330246       0.1009520279076233       
-177.8863547757974       -27.50347608474023       
-1.025385283530656       -0.1009520170402742      
-178.0480987700153       26.41098944219335        
-1.059870088002509       0.102483360744106        
-178.0517733813203       -26.41147080362487       
-1.059870001874972       -0.1024833571554465      
-178.2068248645179       25.31799088928666        
-1.092889063670779       0.1037686996688836       
-178.2104770400327       -25.3184691065936        
-1.092888985400105       -0.1037686968413568      
-178.3588660121951       24.2240426993826         
-1.124504099785218       0.1048221517510636       
-178.3624613006569       -24.22451324117145       
-1.124503657238596       -0.1048221382717709      
-178.5042160471801       23.12918591775728        
-1.154773646795946       0.1056575029676469       
-178.5077231616069       -23.12964472758048       
-1.154772887218879       -0.1056574842277338      
-178.6428688036062       22.03346158968678        
-1.183753878176042       0.1062878193505104       
-178.6462596031668       -22.03390502024466       
-1.183753159420526       -0.1062878058600234      
-178.7748181156067       20.93691076044725        
-1.211498814852011       0.1067260131119363       
-178.7780676056205       -20.93733557358792       
-1.211498362033681       -0.1067260073362411      
-178.9000578173148       19.83957447531477        
-1.238060364628521       0.1069842904119106       
-178.9031441492523       -19.83997784203424       
-1.238060204726622       -0.1069842893515143      
-179.0185817428638       18.74149377956546        
-1.26348834943135        0.1070745447956108       
-179.0214862143464       -18.74187328000757       
-1.263488321375715       -0.1070745447842687      
-179.130383726387        17.64270971847541        
-1.287830235992492       0.1070081180919222       
-179.1330907811868       -17.64306334193187       
-1.287830120460209       -0.1070081187764875      
-179.2354576020176       16.54326333732075        
-1.311131229454801       0.1067959214403697       
-179.2379548300577       -16.54358948223108       
-1.31113108755788        -0.106795923193112       
-179.333797203889        15.44319568137758        
-1.333434858852438       0.1064483897633929       
-179.3360753412434       -15.44349315532918       
-1.333434763471181       -0.1064483915637175      
-179.4253963661344       14.34254779592201        
-1.3547829880414         0.105975483148104        
-179.4274492950278       -14.3428158156501        
-1.354782920829002       -0.1059754848614645      
-179.5102489228871       13.24136072623013        
-1.375215730033805       0.1053867092266949       
-179.5120736716951       -13.24159891761781       
-1.375215529344517       -0.1053867156894184      
-179.5883487082803       12.13967551757807        
-1.394771220714343       0.1046911230315208       
-179.5899454515296       -12.13988391565628       
-1.394770956477485       -0.1046911333377591      
-179.6596895564474       11.03753321524194        
-1.413486119100652       0.1038972976080396       
-179.6610616148152       -11.03771226418944       
-1.413485908062471       -0.1038973072935468      
-179.7242653015216       9.934974864497832        
-1.431395710641941       0.1030133776163452       
-179.7254191418362       -9.935125417641258       
-1.431395604865014       -0.1030133832098269      
-179.7820697776363       8.832041510621867        
-1.448533931094203       0.1020470835721804       
-179.7830150128767       -8.832164830435694       
-1.44853380347421        -0.1020470912236108      
-179.8330968189245       7.728774198890144        
-1.464933168575432       0.1010056347518444       
-179.8338462082209       -7.728871956996696       
-1.464932792338163       -0.1010056600058727      
-179.8773402595197       6.625213974578775        
-1.480624134147308       0.09989595511215379      
-179.8779097081529       -6.625288251748229       
-1.480623625148097       -0.09989599297660121     
-179.9147939335551       5.521401882963866        
-1.495636418659561       0.09872448653270655      
-179.9152024929568       -5.52145516911424        
-1.495635967894769       -0.09872452338122606     
-179.945451675164        4.417378969321526        
-1.509998536335152       0.09749732267496858      
-179.9457215429167       -4.417414163518695       
-1.509998252675987       -0.09749734798175688     
-179.9693073184797       3.313186278927864        
-1.523737910154223       0.09622009537482101      
-179.9694638383168       -3.313206689385541       
-1.523737830781437       -0.09622010305637003     
-179.9863546976353       2.208864857058987        
-1.536880859894658       0.09489819097802428      
-179.9864263594413       -2.208874201138742       
-1.536880816996912       -0.09489819545894274     
-179.9965876467644       1.104455748991004        
-1.549452305556441       0.0935365452623554       
-179.9966060865744       -1.10445815320225        
-1.549452187334808       -0.093536558532028       
-180                     0                        
-1.561476137973368       0.09213987234291529      
-1.561476006994609       -0.09213988808024234     
-1.57297538683993        0.09071249277376235      
-1.572975297632161       -0.09071250420890409     
-1.583972204636721       0.08925844746609972      
-1.583972058997843       -0.08925846732368993     
-1.594487630200551       0.08778150218772619      
-1.59448742023737        -0.08778153255847301     
-1.604541781537669       0.08628515861104039      
-1.60454158240644        -0.08628518909684077     
-1.61415406760704        0.08477266572829523      
-1.614153952956283       -0.08477268426700468     
-1.623343179744843       0.0832470031631931       
-1.623343057723699       -0.08324702396264863     
-1.632126976825333       0.08171090304188826      
-1.632126700021734       -0.08171095269831626     
-1.64052227554638        0.08016699145560277      
-1.640521902148683       -0.08016706184614029     
-1.648545290025728       0.07861763467795031      
-1.648544945293236       -0.07861770287161288     
-1.656211682789286       0.07706500181164286      
-1.65621150329105        -0.0770650390288117      
-1.663536541022805       0.07551106192873867      
-1.663536482321236       -0.07551107467073188     
-1.670534296827528       0.07395763963655341      
-1.670534192451454       -0.07395766333298105     
-1.677218520256427       0.07240643245255904      
-1.677218419563639       -0.07240645633999376     
-1.683602296381596       0.07085900545659818      
-1.683602247086474       -0.07085901766670041     
-1.689698265008949       0.06931674227916151      
-1.689698186199335       -0.06931676264580013     
-1.695518498993286       0.06778092559519161      
-1.695518332727734       -0.06778097039614973     
-1.70107439538548        0.06625275969768707      
-1.701074227657831       -0.06625280679406262     
-1.706376977673055       0.06473332616360004      
-1.706376860097857       -0.064733360548722       
-1.711436901666863       0.06322356261803645      
-1.711436805013397       -0.06322359204478907     
-1.716264358559095       0.0617243205678911       
-1.716264132834489       -0.06172439208379266     
-1.720868837252677       0.06023647902897136      
-1.720868552259627       -0.06023657296272875     
-1.72525951322469        0.05876078522387184      
-1.7252592807228         -0.05876086491919782     
-1.729445298079325       0.05729787464721707      
-1.72944518075414        -0.05729791646098191     
-1.733434825708968       0.05584835102567196      
-1.733434773303324       -0.05584837044081566     
-1.737236176316512       0.0544126877826997       
-1.737236083608707       -0.05441272348035749     
-1.740857032686202       0.0529914972395628       
-1.740856947660055       -0.05299153126398617     
-1.744304838665698       0.05158517336080862      
-1.744304802036088       -0.05158518859255382     
-1.747586782338143       0.05019413516636494      
-1.74758668591738        -0.05019417682924131     
-1.750709565761045       0.04881879364322861      
-1.750709434116605       -0.04881885275086174     
-1.753679704492649       0.04745951652809985      
-1.753679620952458       -0.04745955550525713     
-1.756503549076186       0.04611658216818659      
-1.75650344284597        -0.04611663367466832     
-1.75918708225363        0.04479028818050104      
-1.759186898318665       -0.04479038086643211     
-1.761735882513459       0.04348099826605893      
-1.761735687804999       -0.04348110024816        
-1.764155442971731       0.04218900524572267      
-1.76415533693403        -0.04218906298536702     
-1.766451135657988       0.04091451473743579      
-1.766451074011242       -0.04091454964028553     
-1.768628180289679       0.03965766606769352      
-1.768627961108094       -0.03965779512375282     
-1.770691243837718       0.0384188540598151       
-1.77069086793961        -0.03841908431369221     
-1.772644781525392       0.03719839345163802      
-1.772644376947018       -0.03719865130859569     
-1.774493291586775       0.03599658828794437      
-1.774493045179182       -0.03599675175400404     
-1.776241170247793       0.0348136008569887       
-1.776241131555538       -0.03481362758185322     
-1.777892738045967       0.03364958506754305      
-1.777892735231618       -0.0336495870921744      
-1.779451959638322       0.03250479465700906      
-1.779451896963464       -0.03250484163505852     
-1.780922535858096       0.0313796070265713       
-1.78092246897368        -0.03137965928192048     
-1.782308176240471       0.03027429926009402      
-1.782308153666088       -0.03027431765170181     
-1.783612570053566       0.02918907169772707      
-1.783612551467497       -0.02918908749473876     
-1.784839252440873       0.02812414973039008      
-1.784839138243084       -0.0281242510300079      
-1.785991439449423       0.02707991114096146      
-1.785991289580635       -0.02708004996268646     
-1.787072389948344       0.0260567020451613       
-1.787072279145031       -0.02605680927179667     
-1.788085319218963       0.02505472744649897      
-1.788085303898407       -0.0250547429435856      
-1.789033436273592       0.02407415932801047      
-1.789033452488876       -0.0240741421739938      
-1.789919735516568       0.02311525220302022      
-1.789919719883217       -0.02311526950895225     
-1.79074709207186        0.02217831563129952      
-1.790747092876799       -0.02217831469836045     
-1.791518381671405       0.02126355054802265      
-1.79151841443063        -0.02126351077156901     
-1.792236446155879       0.02037109378452062      
-1.792236444486477       -0.02037109590927043     
-1.792903971639706       0.01950115742872702      
-1.792903930309282       -0.01950121260756727     
-1.7935235863406         0.01865392414958764      
-1.793523559105709       -0.01865396231106677     
-1.794097884555273       0.01782947108965482      
-1.794097882150056       -0.01782947462913442     
-1.794629433100719       0.01702779886744491      
-1.794629426538675       -0.01702780901601819     
-1.795120689656031       0.01624889980599538      
-1.795120636243696       -0.0162489866771796      
-1.795573967858753       0.01549283937346131      
-1.795573871087327       -0.01549300500875053     
-1.795991540393608       0.01475960201911413      
-1.795991439571186       -0.0147597837578914      
-1.796375624222504       0.01404908322601674      
-1.796375556893322       -0.01404921113399876     
-1.796728380255612       0.0133611079306478       
-1.796728353783805       -0.01336116096978122     
-1.797051874869614       0.0126954260985752       
-1.79705187456859        -0.01269542673517095     
-1.79734810909402        0.01205175498753733      
-1.79734811169143        -0.01205174918477719     
-1.797618945088343       0.01142984654420411      
-1.797618947431822       -0.01142984100911751     
-1.797866162375607       0.01082941174799472      
-1.797866164485057       -0.01082940647576804     
-1.798091467144699       0.01025010503508992      
-1.798091469039072       -0.01025010002042111     
-1.798296479812601       0.009691533181240374     
-1.798296481509745       -0.009691528418375169    
-1.798482737059634       0.009153264494874566     
-1.798482738576404       -0.009153259977732038    
-1.798651692612746       0.008634835301709495     
-1.798651693964684       -0.008634831023816935    
-1.79880470910653        0.008135758204323726     
-1.79880471030854        -0.0081357541593273      
-1.798943054033407       0.007655552816858219     
-1.798943055099006       -0.007655548998268629    
-1.799067921138579       0.007193728988547496     
-1.799067922080413       -0.007193725389767737    
-1.799180418519386       0.006749780814982228     
-1.799180419349211       -0.006749777429331721    
-1.799281585667799       0.006323193912679466     
-1.799281586396514       -0.006323190733428283    
-1.799372382059472       0.005913444950888334     
-1.799372382697101       -0.005913441971281044    
-1.799453707064444       0.005520008576168606     
-1.799453707620194       -0.005520005789456707    
-1.799526389525852       0.005142357040017031     
-1.799526390008232       -0.005142354439505538    
-1.79959119509903        0.004779963595624436     
-1.799591195515826       -0.004779961174689017    
-1.799648831849822       0.004432305178504777     
-1.799648832208151       -0.004432302930608622    
-1.79969995455249        0.004098864492010374     
-1.79969995485889        -0.00409886241073432     
-1.799745159784915       0.00377913032922964      
-1.799745160045328       -0.003779128408281059    
-1.799785002458227       0.003472601102924401     
-1.799785002678037       -0.003472599336150649    
-1.799819988914545       0.00317878461092715      
-1.799819989098649       -0.003178782992323227    
-1.799850582436639       0.002897199467763264     
-1.799850582589503       -0.002897197991494703    
-1.799877206937911       0.002627375956995428     
-1.799877207063574       -0.002627374617393994    
-1.799900251846875       0.00236885687774546      
-1.799900251948968       -0.002368855669312397    
-1.799920071936019       0.002121197845593008     
-1.799920072017841       -0.002121196763006263    
-1.799936990992692       0.001883967608901088     
-1.7999369910572         -0.001883966647014081    
-1.799951302600086       0.001656748287877266     
-1.799951302649942       -0.001656747441722241    
-1.799963276670788       0.001439135737002989     
-1.799963276708382       -0.001439135001785107    
-1.799973156932336       0.001230739284789006     
-1.799973156959825       -0.001230738655889998    
-1.79998116630166        0.001031181798419139     
-1.799981166320943       -0.001031181271392067    
-1.799987506178822       0.000840099570648753     
-1.799987506191614       -0.0008400991412182968   
-1.799992359213092       0.0006571420971505241    
-1.799992359220911       -0.0006571417612035327   
-1.799995892009856       0.0004819719315470637    
-1.799995892014057       -0.0004819716851308713   
-1.799998253835282       0.0003142643379285731    
-1.799998253837068       -0.000314264177249031    
-1.799999582223057       0.0001537070693857505    
-1.799999582223486       -0.0001537069907760387   
-1.8                     0                        
% Elements (lines)
1         2         
3         1         
4         5         
6         4         
2         7         
8         3         
5         9         
10        6         
7         11        
12        8         
9         13        
14        10        
11        15        
16        12        
13        17        
18        14        
15        19        
20        16        
17        21        
22        18        
19        23        
24        20        
21        25        
26        22        
23        27        
28        24        
25        29        
30        26        
27        31        
32        28        
29        33        
34        30        
31        35        
36        32        
33        37        
38        34        
35        39        
40        36        
37        41        
42        38        
39        43        
44        40        
41        45        
46        42        
43        47        
48        44        
45        49        
50        46        
47        51        
52        48        
49        53        
54        50        
51        55        
56        52        
53        57        
58        54        
55        59        
60        56        
57        61        
62        58        
59        63        
64        60        
61        65        
66        62        
67        64        
63        68        
65        69        
70        66        
71        67        
68        72        
69        73        
74        70        
75        71        
72        76        
73        77        
78        74        
79        75        
76        80        
77        81        
82        78        
83        79        
80        84        
81        85        
86        82        
87        83        
84        88        
85        89        
90        86        
91        87        
88        92        
89        93        
94        90        
95        91        
92        96        
93        97        
98        94        
99        95        
96        100       
97        101       
102       98        
103       99        
100       104       
101       105       
106       102       
107       103       
105       108       
104       109       
110       106       
111       107       
108       112       
109       113       
114       110       
115       111       
112       116       
113       117       
118       114       
119       115       
116       120       
117       121       
122       118       
123       119       
120       124       
121       125       
126       122       
127       123       
124       128       
125       129       
130       126       
131       127       
128       132       
129       133       
134       130       
135       131       
132       136       
133       137       
138       134       
139       135       
136       140       
137       141       
142       138       
143       139       
140       144       
141       145       
146       142       
147       143       
144       148       
145       149       
150       146       
151       147       
148       152       
149       153       
154       150       
155       151       
152       156       
153       157       
158       154       
159       155       
156       160       
157       161       
162       158       
163       159       
160       164       
161       165       
166       162       
167       163       
164       168       
165       169       
170       166       
171       167       
168       172       
169       173       
174       170       
175       171       
172       176       
173       177       
178       174       
179       175       
176       180       
177       181       
182       178       
183       179       
180       184       
181       185       
186       182       
187       183       
184       188       
185       189       
190       186       
191       187       
188       192       
189       193       
194       190       
195       191       
192       196       
193       197       
198       194       
199       195       
196       200       
197       201       
202       198       
203       199       
200       204       
201       205       
206       202       
207       203       
204       208       
205       209       
210       206       
211       207       
208       212       
209       213       
214       210       
215       211       
212       216       
213       217       
218       214       
219       215       
216       220       
217       221       
222       218       
223       219       
220       224       
221       225       
226       222       
227       223       
224       228       
225       229       
230       226       
231       227       
228       232       
229       233       
234       230       
235       231       
232       236       
233       237       
238       234       
239       235       
236       240       
237       241       
242       238       
243       239       
240       244       
241       245       
246       242       
247       243       
244       248       
245       249       
250       246       
251       247       
248       252       
249       253       
254       250       
255       251       
252       256       
253       257       
258       254       
259       255       
256       260       
257       261       
262       258       
263       259       
260       264       
261       265       
266       262       
267       263       
264       268       
265       269       
270       266       
271       267       
268       272       
269       273       
274       270       
275       271       
272       276       
273       277       
278       274       
279       275       
276       280       
277       281       
282       278       
283       279       
280       284       
281       285       
286       282       
287       283       
284       288       
285       289       
290       286       
291       287       
288       292       
289       293       
294       290       
295       291       
292       296       
293       297       
298       294       
299       295       
296       300       
297       301       
302       298       
303       299       
300       304       
301       305       
306       302       
307       303       
304       308       
305       309       
310       306       
311       307       
308       312       
309       313       
314       310       
315       311       
312       316       
313       317       
318       314       
319       315       
316       320       
317       321       
322       318       
323       319       
320       324       
321       325       
326       322       
327       323       
324       328       
325       329       
330       326       
331       327       
328       332       
329       333       
334       330       
335       331       
332       336       
333       337       
338       334       
339       335       
336       340       
337       341       
342       338       
343       339       
340       344       
341       345       
346       342       
347       343       
344       348       
345       349       
350       346       
351       347       
348       352       
349       353       
354       350       
355       351       
352       356       
353       357       
358       354       
359       355       
356       360       
357       361       
362       358       
363       359       
360       364       
361       365       
366       362       
367       363       
364       368       
365       369       
370       366       
371       367       
368       372       
369       373       
374       370       
375       371       
372       376       
373       377       
378       374       
379       375       
376       380       
377       381       
382       378       
383       379       
380       384       
381       385       
386       382       
387       383       
384       388       
385       389       
390       386       
391       387       
388       392       
389       393       
394       390       
395       391       
392       396       
393       397       
398       394       
399       395       
396       400       
397       401       
401       398       
402       399       
400       403       
404       402       
403       405       
406       404       
405       407       
408       406       
407       409       
410       408       
409       411       
412       410       
411       413       
414       412       
413       415       
416       414       
415       417       
418       416       
417       419       
420       418       
419       421       
422       420       
421       423       
424       422       
423       425       
426       424       
425       427       
428       426       
427       429       
430       428       
429       431       
432       430       
431       433       
434       432       
433       435       
436       434       
435       437       
438       436       
437       439       
440       438       
439       441       
442       440       
441       443       
444       442       
443       445       
446       444       
445       447       
448       446       
447       449       
450       448       
449       451       
452       450       
453       454       
451       455       
456       453       
457       452       
454       458       
455       459       
460       456       
461       457       
458       462       
459       463       
464       460       
465       461       
462       466       
463       467       
468       464       
469       465       
466       470       
467       471       
472       468       
473       469       
470       474       
471       475       
476       472       
477       473       
474       478       
475       479       
480       476       
481       477       
478       482       
479       483       
484       480       
485       481       
482       486       
483       487       
488       484       
489       485       
486       490       
487       491       
492       488       
493       489       
490       494       
491       495       
496       492       
497       493       
494       498       
495       499       
500       496       
501       497       
498       502       
499       503       
504       500       
505       501       
502       506       
503       507       
508       504       
509       505       
506       510       
507       511       
512       508       
513       509       
510       514       
511       515       
516       512       
517       513       
514       518       
515       519       
520       516       
521       517       
518       522       
519       523       
524       520       
525       521       
522       526       
523       527       
528       524       
529       525       
526       530       
527       531       
532       528       
533       529       
530       534       
531       535       
536       532       
537       533       
534       538       
535       539       
540       536       
541       537       
538       542       
539       543       
544       540       
545       541       
542       546       
543       547       
548       544       
549       545       
546       550       
547       551       
552       548       
553       549       
550       554       
551       555       
556       552       
557       553       
554       558       
555       559       
560       556       
561       557       
558       562       
559       563       
564       560       
565       561       
562       566       
563       567       
568       564       
569       565       
566       570       
567       571       
572       568       
573       569       
570       574       
571       575       
576       572       
577       573       
574       578       
575       579       
580       576       
581       577       
578       582       
579       583       
584       580       
585       581       
582       586       
583       587       
588       584       
589       585       
586       590       
587       591       
592       588       
593       589       
590       594       
591       595       
596       592       
597       593       
594       598       
595       599       
600       596       
601       597       
598       602       
599       603       
604       600       
605       601       
602       606       
603       607       
608       604       
609       605       
606       610       
607       611       
612       608       
613       609       
610       614       
611       615       
616       612       
617       613       
614       618       
615       619       
620       616       
621       617       
618       622       
619       623       
624       620       
625       621       
622       626       
623       627       
628       624       
629       625       
626       630       
627       631       
632       628       
633       629       
630       634       
631       635       
636       632       
637       633       
634       638       
635       639       
640       636       
641       637       
638       642       
639       643       
644       640       
645       641       
642       646       
643       647       
648       644       
649       645       
646       650       
647       651       
652       648       
653       649       
650       654       
651       655       
656       652       
657       653       
654       658       
655       659       
660       656       
661       657       
658       662       
659       663       
664       660       
665       661       
662       666       
663       667       
668       664       
669       665       
666       670       
667       671       
672       668       
673       669       
670       674       
671       675       
676       672       
677       673       
674       678       
675       679       
680       676       
681       677       
678       682       
679       683       
684       680       
685       681       
682       686       
683       687       
688       684       
689       685       
686       690       
687       691       
692       688       
693       689       
690       694       
691       695       
696       692       
697       693       
694       698       
695       699       
700       696       
701       697       
698       702       
699       703       
704       700       
705       701       
702       706       
703       707       
708       704       
709       705       
706       710       
707       711       
712       708       
713       709       
710       714       
711       715       
716       712       
717       713       
714       718       
715       719       
720       716       
721       717       
718       722       
719       723       
724       720       
725       721       
722       726       
723       727       
728       724       
729       725       
726       730       
727       731       
732       728       
733       729       
730       734       
731       735       
736       732       
737       733       
734       738       
735       739       
740       736       
741       737       
738       742       
739       743       
744       740       
745       741       
742       746       
743       747       
748       744       
749       745       
746       750       
747       751       
752       748       
753       749       
750       754       
751       755       
756       752       
757       753       
754       758       
755       759       
760       756       
761       757       
758       762       
759       763       
764       760       
765       761       
762       766       
763       767       
768       764       
769       765       
766       770       
767       771       
772       768       
773       769       
770       774       
771       775       
776       772       
777       773       
774       778       
775       779       
780       776       
781       777       
778       782       
779       783       
784       780       
785       781       
782       786       
783       787       
788       784       
789       785       
786       790       
787       791       
792       788       
793       789       
790       794       
791       795       
796       792       
797       793       
794       798       
795       799       
800       796       
801       797       
798       802       
799       803       
804       800       
805       801       
802       806       
803       807       
808       804       
809       805       
806       810       
807       811       
812       808       
813       809       
810       814       
811       815       
816       812       
817       813       
814       818       
815       819       
820       816       
821       817       
818       822       
819       823       
824       820       
825       821       
822       826       
823       827       
828       824       
829       825       
826       830       
827       831       
832       828       
833       829       
830       834       
831       835       
836       832       
837       833       
834       838       
835       839       
840       836       
841       837       
838       842       
839       843       
844       840       
845       841       
842       846       
843       847       
848       844       
849       845       
846       850       
847       851       
852       848       
853       849       
850       854       
851       855       
856       852       
857       853       
854       858       
855       859       
860       856       
861       857       
858       862       
859       863       
864       860       
865       861       
862       866       
863       867       
868       864       
869       865       
866       870       
867       871       
872       868       
873       869       
870       874       
871       875       
876       872       
877       873       
874       878       
875       879       
880       876       
881       877       
878       882       
879       883       
884       880       
885       881       
882       886       
883       887       
888       884       
889       885       
886       890       
887       891       
892       888       
893       889       
890       894       
891       895       
896       892       
897       893       
894       898       
895       899       
900       896       
901       897       
898       902       
899       903       
904       900       
905       901       
902       906       
903       907       
908       904       
909       905       
906       910       
907       911       
912       908       
913       909       
910       914       
911       915       
916       912       
917       913       
914       918       
915       919       
920       916       
921       917       
918       922       
919       923       
924       920       
925       921       
922       926       
923       927       
928       924       
929       925       
926       930       
927       931       
932       928       
933       929       
930       934       
931       935       
936       932       
937       933       
934       938       
935       939       
940       936       
941       937       
938       942       
939       943       
944       940       
945       941       
942       946       
943       947       
948       944       
949       945       
946       950       
947       951       
952       948       
953       949       
950       954       
951       955       
956       952       
957       953       
954       958       
955       959       
960       956       
961       957       
958       962       
959       963       
964       960       
965       961       
962       966       
963       967       
968       964       
969       965       
966       970       
967       971       
972       968       
973       969       
970       974       
971       975       
976       972       
977       973       
974       978       
975       979       
980       976       
981       977       
978       982       
979       983       
984       980       
985       981       
982       986       
983       987       
988       984       
989       985       
986       990       
987       991       
992       988       
993       989       
990       994       
991       995       
996       992       
997       993       
994       998       
995       999       
1000      996       
1001      997       
998       1002      
999       1003      
1004      1000      
1005      1001      
1002      1006      
1003      1007      
1008      1004      
1009      1005      
1006      1010      
1007      1011      
1012      1008      
1013      1009      
1010      1014      
1011      1015      
1016      1012      
1017      1013      
1014      1018      
1015      1019      
1020      1016      
1021      1017      
1018      1022      
1019      1023      
1024      1020      
1025      1021      
1022      1026      
1023      1027      
1028      1024      
1029      1025      
1026      1030      
1027      1031      
1032      1028      
1033      1029      
1030      1034      
1031      1035      
1036      1032      
1037      1033      
1034      1038      
1035      1039      
1040      1036      
1041      1037      
1038      1042      
1039      1043      
1044      1040      
1045      1041      
1042      1046      
1043      1047      
1048      1044      
1049      1045      
1046      1050      
1047      1051      
1052      1048      
1053      1049      
1050      1054      
1051      1055      
1056      1052      
1057      1053      
1054      1058      
1055      1059      
1060      1056      
1061      1057      
1058      1062      
1059      1063      
1064      1060      
1065      1061      
1062      1066      
1063      1067      
1068      1064      
1069      1065      
1066      1070      
1067      1071      
1072      1068      
1073      1069      
1071      1073      
1070      1074      
1075      1072      
1074      1076      
1077      1075      
1076      1078      
1079      1077      
1078      1080      
1081      1079      
1080      1082      
1083      1081      
1082      1084      
1085      1083      
1084      1086      
1087      1085      
1086      1088      
1089      1087      
1088      1090      
1091      1089      
1090      1092      
1093      1091      
1092      1094      
1095      1093      
1094      1096      
1097      1095      
1096      1098      
1099      1097      
1098      1100      
1101      1099      
1100      1102      
1103      1101      
1102      1104      
1105      1103      
1104      1106      
1107      1105      
1106      1108      
1109      1107      
1108      1110      
1111      1109      
1110      1112      
1113      1111      
1112      1114      
1115      1113      
1114      1116      
1117      1115      
1116      1118      
1119      1117      
1118      1120      
1121      1119      
1120      1122      
1123      1121      
1122      1124      
1125      1123      
1124      1126      
1127      1125      
1126      1128      
1129      1127      
1128      1130      
1131      1129      
1130      1132      
1133      1131      
1132      1134      
1135      1133      
1134      1136      
1137      1135      
1136      1138      
1139      1137      
1138      1140      
1141      1139      
1140      1142      
1143      1141      
1142      1144      
1145      1143      
1144      1146      
1147      1145      
1146      1148      
1149      1147      
1148      1150      
1151      1149      
1150      1152      
1153      1151      
1152      1154      
1155      1153      
1154      1156      
1157      1155      
1156      1158      
1159      1157      
1158      1160      
1161      1159      
1160      1162      
1163      1161      
1162      1164      
1165      1163      
1164      1166      
1167      1165      
1166      1168      
1169      1167      
1168      1170      
1171      1169      
1170      1172      
1173      1171      
1172      1174      
1175      1173      
1174      1176      
1177      1175      
1176      1178      
1179      1177      
1178      1180      
1181      1179      
1180      1182      
1183      1181      
1182      1184      
1185      1183      
1184      1186      
1187      1185      
1186      1188      
1189      1187      
1188      1190      
1191      1189      
1190      1192      
1193      1191      
1192      1194      
1195      1193      
1194      1196      
1197      1195      
1196      1198      
1199      1197      
1198      1200      
1201      1199      
1200      1202      
1203      1201      
1202      1204      
1205      1203      
1204      1206      
1207      1205      
1206      1208      
1209      1207      
1208      1210      
1211      1209      
1210      1212      
1213      1211      
1212      1214      
1215      1213      
1214      1216      
1217      1215      
1216      1218      
1219      1217      
1218      1220      
1221      1219      
1220      1222      
1223      1221      
1222      1224      
1225      1223      
1224      1226      
1227      1225      
1226      1228      
1229      1227      
1228      1230      
1231      1229      
1230      1232      
1233      1231      
1232      1234      
1235      1233      
1234      1236      
1237      1235      
1236      1238      
1239      1237      
1238      1240      
1241      1239      
1240      1242      
1243      1241      
1242      1244      
1245      1243      
1244      1246      
1247      1245      
1246      1248      
1249      1247      
1248      1250      
1251      1249      
1250      1252      
1253      1251      
1252      1254      
1255      1253      
1254      1256      
1257      1255      
1256      1258      
1259      1257      
1258      1260      
1261      1259      
1260      1262      
1263      1261      
1262      1264      
1265      1263      
1264      1266      
1267      1265      
1266      1268      
1269      1267      
1268      1270      
1271      1269      
1270      1272      
1273      1271      
1272      1274      
1274      1273      
